-,-,-
-214, -980, 340
-198, -901, 387
-145, -876, 427
-145, -876, 427
-153, -915, 414
-157, -934, 428
-165, -954, 377
-176, -997, 339
-148, -953, 408
-117, -914, 465
-147, -963, 444
-224, -1049, 418
-285, -1119, 458
-342, -1162, 462
-446, -1243, 444
-548, -1323, 424
-636, -1378, 424
-721, -1412, 452
-738, -1354, 438
-718, -1244, 441
-726, -1172, 408
-750, -1134, 396
-767, -1100, 420
-703, -1015, 433
-583, -866, 429
-505, -792, 400
-460, -767, 378
-460, -767, 378
-449, -800, 407
-386, -744, 423
-270, -615, 408
-158, -490, 391
-94, -413, 307
-85, -426, 224
-50, -413, 177
-25, -412, 206
-6, -433, 231
-6, -433, 231
17, -449, 159
15, -514, 167
30, -537, 217
79, -544, 253
143, -507, 285
143, -507, 285
191, -465, 287
264, -417, 244
342, -381, 258
346, -419, 304
315, -511, 339
351, -572, 450
394, -620, 491
394, -620, 491
447, -645, 412
472, -756, 519
498, -953, 633
560, -1071, 733
620, -1174, 838
624, -1342, 927
526, -1557, 911
566, -1492, 1071
592, -1488, 1074
571, -1379, 993
497, -1317, 907
497, -1317, 907
-,-,-
-149, -856, 407
-204, -914, 404
-231, -952, 310
-205, -918, 441
-208, -916, 426
-216, -945, 474
-189, -921, 442
-180, -923, 437
-180, -953, 464
-188, -970, 496
-188, -970, 496
-203, -994, 506
-292, -1101, 495
-475, -1302, 539
-678, -1520, 543
-829, -1671, 534
-873, -1666, 552
-846, -1568, 664
-826, -1499, 754
-795, -1403, 726
-698, -1215, 724
-603, -1071, 667
-568, -963, 611
-549, -881, 508
-510, -812, 478
-424, -657, 426
-364, -559, 389
-283, -453, 294
-177, -312, 215
-108, -213, 151
-88, -167, 72
-88, -167, 72
-113, -201, 44
-105, -167, 22
-134, -196, 14
-172, -229, -8
-156, -220, 18
-94, -197, 56
-94, -197, 56
-15, -159, 96
57, -136, 54
115, -130, 32
166, -149, 94
166, -149, 94
179, -232, 192
189, -358, 323
274, -454, 490
413, -529, 598
590, -606, 707
725, -765, 865
759, -992, 1034
759, -992, 1034
745, -1257, 1227
705, -1491, 1356
653, -1605, 1405
536, -1481, 1350
610, -1535, 1428
479, -1483, 1131
358, -1431, 971
280, -1343, 890
339, -1115, 788
372, -966, 711
-,-,-
-189, -850, 433
-194, -920, 394
-196, -914, 399
-173, -860, 384
-169, -865, 459
-176, -915, 514
-166, -920, 507
-166, -920, 507
-186, -965, 522
-230, -1021, 525
-308, -1108, 552
-446, -1243, 588
-584, -1331, 623
-696, -1377, 635
-839, -1478, 670
-962, -1513, 620
-955, -1396, 609
-871, -1185, 615
-825, -1048, 551
-792, -948, 529
-697, -825, 496
-589, -697, 447
-523, -643, 455
-461, -587, 428
-404, -564, 407
-313, -497, 371
-205, -412, 314
-100, -316, 230
-35, -269, 193
-35, -269, 193
-20, -286, 213
-10, -324, 232
0, -366, 210
23, -376, 166
51, -360, 165
51, -360, 165
56, -405, 197
88, -419, 210
137, -430, 267
187, -433, 292
195, -461, 290
208, -505, 297
208, -505, 297
269, -511, 342
333, -512, 479
374, -599, 565
438, -696, 618
517, -811, 664
563, -1014, 754
572, -1209, 947
572, -1209, 947
575, -1352, 1053
565, -1471, 1174
517, -1510, 1212
526, -1428, 1180
475, -1355, 1084
382, -1302, 896
332, -1184, 796
316, -1063, 715
-,-,-
-240, -953, 326
-134, -775, 385
-58, -741, 477
-58, -741, 477
-128, -934, 431
-182, -992, 391
-224, -986, 452
-342, -1008, 679
-684, -1300, 984
-1072, -1642, 1112
-1272, -1659, 959
-1252, -1542, 827
-1160, -1382, 855
-1028, -1155, 876
-832, -903, 849
-655, -734, 775
-554, -671, 665
-470, -620, 554
-377, -570, 492
-322, -538, 418
-265, -492, 378
-240, -465, 360
-220, -463, 312
-152, -384, 310
-64, -300, 293
-64, -300, 293
8, -241, 199
47, -239, 143
64, -248, 140
68, -244, 137
68, -281, 134
68, -281, 134
132, -250, 149
176, -265, 143
188, -300, 168
188, -356, 212
199, -422, 213
204, -517, 282
204, -517, 282
219, -598, 345
231, -682, 350
291, -788, 401
359, -864, 491
415, -957, 692
450, -1133, 842
492, -1278, 992
554, -1331, 1128
591, -1361, 1187
595, -1353, 1189
572, -1304, 1143
477, -1274, 1037
477, -1274, 1037
378, -1262, 902
296, -1210, 759
262, -1118, 660
248, -1033, 603
298, -880, 597
342, -719, 674
-,-,-
-123, -814, 578
-180, -987, 458
-197, -986, 492
-126, -829, 651
-169, -958, 705
-299, -1117, 755
-466, -1201, 801
-749, -1398, 895
-1052, -1577, 963
-1138, -1529, 868
-1143, -1361, 806
-1014, -1087, 741
-869, -879, 674
-786, -758, 615
-738, -694, 521
-706, -628, 444
-695, -640, 429
-612, -558, 468
-464, -438, 435
-353, -365, 372
-353, -365, 372
-285, -330, 316
-248, -313, 242
-221, -305, 176
-196, -333, 171
-160, -331, 180
-102, -323, 221
-51, -303, 275
13, -260, 262
75, -244, 262
75, -244, 262
133, -262, 291
189, -277, 237
224, -258, 172
203, -299, 231
194, -451, 293
242, -550, 390
361, -498, 446
361, -498, 446
421, -528, 483
369, -791, 541
327, -1085, 737
393, -1232, 928
477, -1350, 1184
525, -1425, 1291
543, -1473, 1329
-,-,-
-192, -948, 376
-156, -920, 436
-156, -920, 436
-198, -931, 597
-252, -1025, 687
-306, -1173, 746
-356, -1266, 798
-415, -1324, 852
-457, -1314, 904
-507, -1312, 904
-567, -1322, 872
-599, -1287, 756
-597, -1183, 649
-592, -1075, 536
-643, -1043, 464
-668, -996, 409
-657, -935, 376
-584, -800, 286
-523, -681, 252
-507, -643, 225
-479, -605, 189
-417, -534, 157
-359, -500, 124
-290, -452, 112
-229, -403, 103
-229, -403, 103
-207, -426, 86
-202, -492, 137
-161, -508, 151
-97, -488, 133
-35, -452, 143
25, -415, 103
55, -430, 53
55, -430, 53
94, -437, 62
190, -379, 112
305, -311, 148
364, -296, 153
340, -379, 159
340, -379, 159
322, -469, 249
329, -547, 396
362, -621, 528
411, -698, 637
464, -774, 725
479, -897, 742
446, -1107, 743
481, -1251, 841
481, -1251, 841
548, -1257, 936
-,-,-
-258, -864, 403
-273, -881, 433
-287, -891, 465
-329, -939, 617
-410, -1047, 664
-518, -1169, 725
-690, -1362, 831
-787, -1416, 790
-751, -1293, 736
-712, -1221, 748
-716, -1176, 761
-686, -1080, 728
-627, -959, 698
-591, -858, 592
-591, -858, 592
-610, -827, 514
-581, -748, 410
-534, -676, 372
-477, -623, 396
-382, -513, 419
-332, -458, 337
-326, -488, 302
-292, -503, 282
-196, -445, 348
-106, -408, 342
-48, -392, 354
-35, -443, 264
-35, -443, 264
-27, -493, 196
7, -499, 242
78, -467, 264
170, -408, 255
272, -337, 215
321, -349, 142
321, -349, 142
368, -338, 147
421, -300, 181
435, -320, 239
440, -368, 346
424, -467, 408
400, -623, 494
453, -753, 556
453, -753, 556
560, -850, 711
628, -985, 823
-,-,-
-176, -976, 359
-117, -911, 481
-170, -889, 519
-203, -923, 544
-241, -1068, 625
-351, -1201, 733
-485, -1340, 773
-546, -1352, 729
-546, -1284, 706
-596, -1283, 732
-625, -1239, 747
-633, -1200, 757
-639, -1161, 712
-603, -1073, 661
-526, -948, 600
-470, -875, 596
-470, -875, 596
-438, -863, 538
-364, -802, 493
-295, -730, 466
-256, -681, 448
-208, -614, 419
-159, -559, 378
-118, -509, 312
-93, -502, 228
-53, -468, 167
11, -399, 107
11, -399, 107
72, -335, 106
68, -360, 74
25, -457, 47
27, -488, 73
27, -488, 73
116, -401, 105
181, -347, 112
188, -358, 56
197, -407, 58
205, -446, 188
205, -446, 188
207, -497, 256
241, -509, 322
280, -527, 379
293, -589, 383
333, -666, 419
317, -773, 486
259, -976, 515
259, -976, 515
246, -1142, 607
284, -1207, 690
340, -1274, 763
404, -1320, 929
-,-,-
-71, -1021, 525
-102, -1149, 435
-140, -1075, 601
-239, -1120, 650
-401, -1249, 682
-574, -1379, 759
-691, -1449, 753
-749, -1422, 654
-717, -1260, 597
-673, -1137, 576
-651, -1065, 566
-638, -1024, 569
-640, -1010, 560
-615, -943, 481
-615, -943, 481
-543, -840, 430
-462, -750, 471
-358, -631, 446
-255, -536, 383
-210, -521, 329
-159, -490, 264
-122, -482, 211
-102, -496, 175
-82, -501, 141
-44, -488, 152
-35, -506, 204
-35, -506, 204
-40, -551, 227
-17, -547, 219
24, -518, 211
89, -464, 214
154, -403, 188
181, -405, 161
181, -405, 161
142, -478, 138
135, -488, 149
144, -519, 245
138, -554, 312
134, -573, 320
117, -623, 350
114, -635, 388
114, -635, 388
177, -601, 446
249, -585, 511
294, -614, 590
332, -691, 634
338, -881, 735
348, -1099, 844
-,-,-
-82, -748, 563
-136, -856, 501
-151, -882, 473
-128, -839, 502
-135, -825, 540
-175, -884, 569
-234, -922, 562
-297, -999, 549
-297, -999, 549
-340, -1047, 640
-424, -1112, 719
-540, -1209, 834
-633, -1298, 856
-721, -1378, 844
-756, -1363, 825
-741, -1246, 778
-713, -1155, 739
-677, -1063, 708
-614, -958, 641
-565, -871, 596
-538, -811, 585
-508, -773, 528
-456, -711, 449
-367, -583, 370
-322, -558, 338
-277, -534, 337
-235, -516, 319
-188, -470, 242
-155, -431, 200
-155, -431, 200
-138, -437, 161
-125, -466, 147
-101, -457, 173
-71, -448, 210
-58, -459, 200
-43, -469, 192
15, -428, 216
116, -342, 225
116, -342, 186
211, -253, 186
263, -234, 183
308, -214, 289
362, -210, 336
378, -270, 378
380, -342, 417
401, -421, 477
401, -421, 477
423, -518, 553
402, -747, 667
398, -1003, 744
408, -1212, 881
417, -1378, 1004
501, -1425, 1108
584, -1422, 1238
616, -1378, 1313
-,-,-
-26, -819, 427
-128, -949, 510
-173, -952, 574
-106, -861, 642
-136, -921, 671
-217, -1021, 682
-282, -1068, 709
-361, -1157, 720
-498, -1268, 720
-597, -1278, 756
-670, -1307, 790
-741, -1338, 846
-746, -1269, 879
-722, -1173, 878
-699, -1082, 812
-691, -1019, 712
-624, -898, 627
-624, -898, 627
-563, -803, 549
-504, -726, 537
-416, -633, 536
-335, -558, 502
-259, -487, 433
-201, -435, 328
-155, -404, 301
-159, -432, 303
-214, -527, 253
-181, -489, 201
-113, -417, 196
-64, -379, 145
-64, -379, 145
-38, -380, 153
-20, -384, 205
16, -367, 171
80, -323, 150
152, -277, 137
169, -337, 155
169, -337, 155
177, -402, 203
211, -407, 246
234, -439, 301
217, -560, 372
201, -746, 481
249, -837, 541
416, -787, 562
416, -787, 562
576, -782, 570
682, -825, 629
702, -899, 718
664, -1083, 716
590, -1215, 819
539, -1245, 910
501, -1246, 929
453, -1236, 911
387, -1267, 927
333, -1292, 937
333, -1292, 937
-,-,-
-109, -914, 512
-110, -985, 367
-137, -1027, 517
-103, -981, 704
-93, -930, 787
-93, -930, 787
-142, -933, 705
-265, -1041, 647
-366, -1144, 662
-456, -1222, 750
-519, -1250, 815
-597, -1282, 803
-654, -1256, 812
-680, -1223, 758
-695, -1200, 708
-657, -1100, 674
-609, -990, 600
-574, -928, 557
-510, -854, 510
-398, -741, 485
-337, -717, 500
-267, -653, 469
-244, -641, 464
-300, -747, 409
-300, -747, 409
-260, -735, 419
-85, -519, 496
84, -314, 376
117, -294, 216
68, -366, 85
34, -415, 61
34, -415, 61
26, -467, 95
56, -456, 79
105, -416, 76
156, -380, 67
156, -380, 67
166, -406, 97
178, -443, 125
205, -450, 163
213, -471, 202
236, -480, 235
291, -471, 185
291, -471, 185
363, -388, 183
380, -414, 319
351, -541, 444
294, -733, 488
303, -864, 532
391, -922, 582
410, -1039, 649
410, -1039, 649
360, -1258, 786
357, -1399, 854
355, -1476, 961
377, -1470, 1105
399, -1417, 1137
-,-,-
-64, -887, 520
15, -871, 502
33, -724, 651
18, -780, 614
-34, -890, 660
-80, -973, 704
-166, -1105, 803
-307, -1339, 910
-307, -1339, 910
-281, -1255, 938
-266, -1184, 973
-319, -1222, 1036
-419, -1242, 1041
-530, -1199, 960
-530, -1199, 826
-477, -1039, 826
-427, -904, 691
-402, -806, 579
-405, -763, 511
-417, -733, 488
-404, -663, 439
-382, -604, 328
-360, -566, 259
-336, -524, 217
-336, -538, 215
-325, -550, 155
-284, -534, 152
-227, -510, 157
-177, -493, 170
-176, -523, 219
-176, -523, 219
-221, -593, 245
-211, -594, 239
-129, -511, 240
-33, -413, 193
26, -400, 107
97, -361, 70
195, -310, 69
195, -310, 69
300, -245, 106
395, -176, 224
400, -249, 335
301, -455, 423
229, -610, 480
308, -587, 518
440, -511, 525
440, -511, 525
433, -646, 596
408, -863, 719
462, -998, 760
529, -1040, 783
524, -1134, 965
481, -1301, 1128
469, -1353, 1208
476, -1313, 1240
449, -1264, 1187
-,-,-
-92, -802, 565
-118, -867, 553
-132, -852, 545
-113, -809, 636
-122, -810, 643
-143, -870, 609
-206, -958, 688
-285, -1081, 765
-339, -1159, 822
-409, -1231, 878
-495, -1305, 884
-569, -1299, 908
-672, -1339, 956
-738, -1353, 985
-715, -1234, 891
-667, -1088, 725
-667, -1088, 725
-617, -936, 620
-578, -837, 532
-529, -748, 525
-485, -668, 505
-456, -602, 457
-397, -525, 403
-286, -408, 348
-198, -352, 283
-176, -389, 296
-165, -429, 287
-142, -432, 258
-138, -459, 239
-100, -454, 204
-49, -434, 196
-49, -434, 196
-10, -426, 205
1, -462, 236
16, -489, 253
90, -441, 244
155, -399, 237
155, -399, 237
178, -408, 235
156, -458, 270
163, -516, 333
222, -501, 361
248, -501, 382
276, -500, 436
311, -519, 411
311, -519, 411
314, -551, 433
328, -594, 573
410, -596, 668
498, -615, 652
511, -723, 694
463, -932, 792
480, -1063, 948
480, -1063, 948
554, -1103, 1129
600, -1115, 1223
-,-,-
-111, -934, 397
-111, -934, 397
-106, -970, 414
-61, -801, 559
-31, -751, 631
-134, -895, 607
-224, -1033, 644
-307, -1151, 711
-398, -1265, 794
-440, -1302, 883
-457, -1281, 879
-450, -1258, 802
-427, -1214, 802
-430, -1178, 819
-465, -1169, 820
-510, -1172, 775
-437, -1067, 638
-349, -893, 552
-344, -818, 431
-364, -804, 389
-326, -760, 460
-225, -638, 484
-225, -638, 484
-122, -511, 459
-104, -506, 361
-156, -568, 330
-179, -602, 324
-122, -536, 349
-74, -482, 363
-76, -518, 317
-49, -515, 299
5, -459, 280
5, -459, 280
11, -475, 258
-34, -560, 252
-22, -553, 266
41, -494, 259
118, -419, 343
118, -419, 343
172, -402, 318
258, -372, 260
337, -366, 257
387, -349, 287
411, -370, 302
391, -498, 384
390, -592, 476
390, -592, 476
451, -612, 502
503, -631, 511
580, -651, 495
632, -712, 552
665, -784, 757
636, -919, 898
592, -1126, 1016
596, -1234, 1138
596, -1234, 1138
-,-,-
-128, -897, 535
-91, -739, 514
-47, -698, 690
-47, -698, 690
-78, -827, 658
-103, -874, 655
-84, -874, 717
-90, -892, 688
-104, -934, 726
-103, -959, 817
-97, -967, 877
-233, -1124, 957
-453, -1338, 1012
-550, -1360, 975
-622, -1328, 916
-715, -1321, 854
-716, -1216, 799
-686, -1075, 764
-680, -966, 676
-680, -966, 676
-649, -882, 628
-551, -767, 653
-435, -642, 601
-392, -618, 559
-368, -622, 543
-321, -605, 476
-237, -527, 462
-165, -469, 426
-99, -399, 357
-50, -380, 340
-24, -384, 275
-24, -384, 275
0, -370, 241
16, -390, 253
77, -347, 223
144, -308, 199
154, -339, 224
154, -339, 224
167, -347, 218
226, -287, 234
279, -250, 266
266, -310, 256
230, -384, 289
215, -444, 291
217, -490, 367
217, -490, 367
227, -522, 431
282, -514, 538
356, -530, 688
406, -589, 747
416, -734, 734
397, -872, 786
422, -945, 792
422, -945, 792
528, -935, 836
616, -969, 1085
-,-,-
-70, -771, 685
-123, -881, 580
-115, -880, 635
-107, -884, 769
-160, -969, 851
-196, -1018, 833
-196, -1018, 833
-244, -1053, 795
-307, -1128, 804
-352, -1193, 839
-349, -1184, 904
-318, -1114, 893
-321, -1087, 840
-397, -1119, 774
-478, -1139, 728
-460, -1015, 733
-420, -860, 700
-416, -800, 662
-434, -766, 642
-421, -728, 598
-383, -700, 562
-354, -652, 549
-323, -625, 523
-275, -585, 479
-233, -565, 456
-213, -590, 426
-147, -542, 419
-83, -486, 405
-83, -486, 405
-51, -458, 372
-73, -497, 268
-97, -531, 219
-78, -512, 189
-9, -437, 198
67, -391, 227
67, -391, 227
158, -326, 209
217, -289, 233
222, -345, 288
244, -390, 357
295, -393, 421
350, -379, 400
350, -379, 400
412, -348, 345
450, -360, 346
443, -456, 377
455, -555, 464
497, -601, 530
559, -658, 565
574, -834, 724
574, -834, 724
-,-,-
-105, -755, 652
-147, -818, 553
-131, -775, 589
-98, -747, 629
-106, -785, 627
-133, -816, 656
-133, -816, 656
-145, -838, 695
-190, -895, 708
-282, -997, 772
-373, -1101, 813
-448, -1176, 873
-485, -1194, 899
-517, -1195, 940
-571, -1230, 1046
-610, -1237, 1131
-627, -1186, 1059
-599, -1077, 893
-543, -965, 754
-477, -863, 623
-415, -768, 518
-365, -699, 487
-335, -660, 430
-287, -589, 376
-208, -501, 329
-134, -423, 302
-103, -402, 281
-109, -423, 300
-109, -423, 300
-117, -467, 313
-78, -464, 310
-64, -484, 301
-78, -531, 323
-74, -549, 318
-72, -559, 281
-62, -523, 186
-13, -432, 204
-13, -432, 204
71, -382, 225
193, -349, 228
299, -305, 192
331, -316, 163
306, -397, 146
314, -447, 215
314, -447, 215
363, -480, 391
384, -518, 466
443, -472, 506
552, -496, 511
579, -621, 544
552, -808, 689
623, -876, 808
623, -876, 808
698, -915, 882
729, -957, 1031
678, -1119, 1114
-,-,-
-93, -751, 603
-108, -817, 609
-120, -800, 631
-96, -783, 668
-70, -773, 676
-70, -773, 676
-60, -766, 645
-80, -803, 697
-117, -864, 747
-126, -902, 804
-160, -934, 910
-303, -1087, 1022
-488, -1311, 1028
-562, -1348, 1061
-551, -1188, 962
-578, -1115, 856
-597, -1069, 740
-569, -987, 658
-523, -891, 633
-498, -850, 576
-457, -803, 521
-406, -744, 475
-373, -723, 464
-327, -701, 507
-327, -701, 507
-279, -680, 509
-242, -669, 478
-194, -654, 394
-141, -623, 334
-113, -592, 324
-115, -607, 341
-116, -620, 357
-85, -583, 332
-16, -498, 295
40, -443, 286
40, -443, 286
58, -446, 265
45, -485, 251
47, -505, 212
87, -491, 212
129, -484, 245
129, -484, 245
162, -485, 283
149, -523, 339
128, -555, 333
165, -524, 300
254, -454, 283
363, -383, 296
421, -344, 319
421, -344, 319
432, -384, 379
358, -577, 476
350, -660, 474
428, -719, 592
579, -679, 651
647, -743, 697
615, -935, 856
615, -935, 856
574, -1147, 1039
639, -1170, 1138
753, -1048, 1210
748, -1048, 1246
-,-,-
-47, -698, 685
-47, -698, 685
-49, -762, 612
-60, -806, 598
-66, -824, 632
-63, -840, 694
-46, -849, 722
-41, -884, 770
-50, -930, 800
-50, -930, 800
-66, -966, 871
-102, -1036, 929
-141, -1093, 918
-164, -1091, 930
-212, -1098, 975
-305, -1119, 915
-406, -1149, 828
-495, -1156, 795
-578, -1150, 682
-586, -1060, 580
-547, -938, 498
-533, -860, 487
-531, -812, 466
-499, -753, 439
-434, -664, 409
-391, -622, 404
-361, -620, 368
-327, -610, 335
-327, -610, 335
-323, -644, 308
-304, -656, 276
-260, -633, 293
-240, -650, 323
-181, -616, 340
-115, -563, 307
-56, -509, 286
-31, -484, 288
-41, -521, 321
-63, -596, 333
-63, -596, 333
-50, -608, 287
20, -536, 217
114, -433, 123
213, -342, 105
249, -342, 217
263, -354, 237
285, -403, 273
285, -403, 273
365, -393, 288
441, -348, 309
467, -397, 209
434, -514, 409
361, -688, 677
311, -887, 888
337, -941, 879
337, -941, 879
375, -988, 867
379, -1046, 856
382, -1132, 930
405, -1145, 1034
429, -1139, 1114
447, -1105, 1109
-,-,-
-64, -804, 524
-90, -903, 533
-106, -883, 626
-94, -859, 831
-112, -894, 900
-133, -934, 881
-183, -1016, 853
-226, -1102, 808
-257, -1122, 814
-310, -1149, 854
-397, -1212, 830
-514, -1315, 914
-570, -1340, 847
-559, -1231, 776
-532, -1093, 775
-521, -965, 701
-521, -965, 701
-532, -906, 574
-542, -871, 524
-482, -728, 465
-409, -599, 417
-360, -515, 360
-324, -481, 313
-334, -538, 297
-330, -551, 184
-304, -542, 127
-257, -505, 178
-214, -477, 209
-191, -482, 234
-190, -505, 258
-190, -505, 258
-192, -537, 222
-169, -531, 202
-114, -476, 206
-60, -430, 194
16, -383, 170
98, -335, 223
110, -342, 296
68, -438, 314
68, -438, 314
75, -517, 349
172, -463, 388
230, -461, 512
220, -528, 528
222, -625, 491
311, -653, 587
311, -653, 587
457, -565, 693
588, -499, 729
631, -559, 810
582, -751, 827
568, -839, 901
617, -895, 997
617, -895, 997
679, -888, 1111
666, -953, 1199
635, -1033, 1218
-,-,-
-118, -790, 602
-107, -787, 548
-143, -758, 585
-143, -795, 542
-168, -853, 645
-177, -914, 765
-177, -914, 765
-241, -990, 804
-346, -1103, 844
-406, -1177, 912
-414, -1142, 883
-484, -1188, 884
-542, -1203, 898
-528, -1146, 884
-479, -1037, 853
-451, -968, 799
-413, -895, 708
-393, -839, 642
-404, -819, 620
-425, -826, 566
-421, -798, 486
-403, -763, 467
-356, -696, 441
-338, -681, 415
-310, -657, 386
-259, -622, 378
-259, -622, 378
-199, -563, 355
-177, -545, 333
-149, -523, 316
-99, -478, 299
-56, -431, 284
-63, -443, 261
-71, -441, 233
-63, -421, 199
-38, -402, 181
-38, -402, 181
15, -364, 201
86, -328, 209
117, -324, 191
110, -377, 217
101, -426, 287
131, -426, 346
131, -426, 346
189, -428, 437
237, -428, 475
244, -508, 512
270, -564, 595
331, -658, 708
449, -748, 733
662, -634, 807
662, -634, 807
680, -811, 981
543, -1200, 1118
556, -1309, 1286
645, -1250, 1454
647, -1247, 1505
-,-,-
-104, -780, 605
-87, -815, 617
-87, -815, 617
-104, -802, 681
-105, -803, 621
-103, -787, 613
-113, -811, 659
-123, -842, 682
-130, -856, 733
-168, -909, 768
-298, -1071, 823
-427, -1227, 890
-458, -1238, 925
-466, -1189, 921
-486, -1153, 933
-467, -1076, 888
-459, -1039, 901
-451, -978, 864
-454, -938, 728
-466, -924, 612
-466, -924, 612
-455, -878, 584
-427, -814, 555
-413, -773, 511
-399, -759, 482
-366, -715, 451
-322, -663, 426
-284, -623, 410
-234, -572, 386
-189, -535, 363
-148, -505, 330
-98, -459, 291
-52, -420, 266
-52, -420, 266
-29, -410, 251
-27, -427, 238
-15, -419, 248
26, -361, 255
119, -242, 237
187, -167, 216
187, -167, 216
199, -172, 206
183, -235, 258
218, -256, 325
321, -191, 318
380, -198, 337
381, -340, 397
410, -508, 544
410, -508, 544
471, -647, 709
556, -786, 838
675, -842, 982
747, -910, 1094
785, -969, 1177
811, -1014, 1263
801, -1066, 1310
743, -1131, 1305
-,-,-
-94, -811, 592
-60, -820, 558
-40, -790, 568
-15, -793, 655
-36, -845, 686
-61, -908, 716
-61, -908, 716
-93, -951, 727
-167, -1025, 733
-236, -1099, 759
-287, -1131, 801
-323, -1124, 788
-391, -1147, 822
-505, -1202, 878
-614, -1242, 859
-667, -1220, 768
-614, -1096, 708
-540, -948, 650
-488, -836, 605
-439, -739, 526
-424, -716, 461
-424, -746, 478
-387, -736, 510
-285, -633, 498
-197, -561, 456
-197, -561, 456
-195, -589, 425
-168, -584, 402
-126, -565, 447
-71, -515, 516
-35, -484, 491
21, -424, 436
81, -363, 409
102, -362, 404
102, -362, 404
132, -371, 397
195, -340, 362
283, -260, 311
349, -219, 283
352, -258, 288
336, -331, 335
384, -347, 390
384, -347, 390
455, -325, 403
494, -342, 454
486, -409, 476
529, -438, 506
609, -439, 578
695, -450, 713
762, -525, 799
762, -525, 799
792, -640, 876
743, -842, 1032
644, -1075, 1220
512, -1123, 1215
762, -1528, 1182
-,-,-
-61, -766, 647
-79, -828, 602
-112, -812, 563
-93, -816, 542
-93, -816, 542
-96, -807, 612
-89, -803, 662
-89, -824, 663
-109, -850, 636
-155, -918, 683
-219, -991, 754
-286, -1089, 756
-373, -1173, 803
-443, -1216, 859
-508, -1255, 863
-532, -1239, 830
-514, -1152, 803
-491, -1061, 772
-472, -972, 728
-467, -923, 698
-467, -923, 698
-485, -901, 675
-486, -852, 611
-458, -784, 518
-403, -704, 471
-346, -631, 453
-315, -588, 418
-309, -591, 389
-278, -599, 357
-214, -546, 338
-158, -503, 341
-130, -500, 329
-95, -487, 332
-95, -487, 332
-68, -502, 330
-38, -493, 317
-9, -484, 304
35, -462, 314
116, -410, 342
175, -387, 326
175, -387, 326
212, -365, 299
226, -376, 320
243, -420, 367
301, -419, 407
353, -408, 425
411, -393, 474
466, -412, 500
466, -412, 500
489, -500, 584
517, -623, 690
587, -710, 805
661, -767, 877
690, -861, 920
681, -975, 972
684, -1038, 1110
688, -1050, 1183
-,-,-
-129, -801, 558
-94, -818, 549
-98, -796, 595
-100, -809, 612
-74, -779, 674
-49, -773, 666
-58, -809, 646
-58, -809, 646
-93, -865, 687
-129, -908, 756
-181, -962, 760
-254, -1021, 787
-325, -1078, 818
-405, -1114, 865
-481, -1150, 922
-545, -1193, 923
-578, -1176, 856
-590, -1115, 767
-577, -1058, 698
-562, -1010, 658
-538, -955, 604
-492, -886, 554
-451, -838, 531
-413, -793, 499
-362, -733, 458
-315, -690, 433
-315, -690, 433
-260, -642, 392
-225, -626, 377
-190, -607, 398
-159, -571, 380
-130, -548, 308
-88, -505, 253
-34, -455, 280
3, -446, 320
54, -428, 316
54, -428, 316
91, -418, 303
143, -378, 253
191, -341, 196
223, -334, 166
251, -325, 189
251, -325, 189
273, -340, 223
276, -358, 235
287, -358, 241
266, -447, 359
257, -590, 521
295, -709, 686
423, -683, 700
423, -683, 700
554, -621, 747
603, -689, 771
641, -791, 789
620, -907, 775
612, -949, 710
613, -949, 687
-,-,-
-134, -835, 599
-117, -840, 579
-63, -766, 602
-40, -728, 654
-51, -759, 599
-83, -821, 595
-101, -824, 609
-117, -842, 642
-109, -838, 671
-109, -838, 671
-138, -881, 665
-185, -938, 670
-236, -1009, 715
-290, -1080, 765
-335, -1100, 752
-401, -1155, 781
-476, -1202, 846
-480, -1190, 833
-464, -1138, 835
-489, -1120, 815
-507, -1077, 777
-521, -1048, 747
-494, -974, 667
-464, -903, 603
-416, -826, 547
-358, -736, 480
-329, -682, 463
-331, -671, 425
-318, -647, 392
-282, -598, 366
-243, -552, 331
-243, -552, 331
-192, -500, 332
-146, -465, 308
-151, -496, 295
-150, -513, 292
-133, -536, 325
-85, -515, 332
-19, -452, 315
40, -393, 286
98, -334, 280
98, -334, 280
168, -249, 254
213, -206, 253
239, -200, 234
231, -223, 270
261, -184, 257
314, -178, 310
314, -178, 310
356, -233, 382
392, -317, 493
434, -454, 649
453, -693, 823
504, -912, 998
581, -1083, 1159
671, -1196, 1299
-,-,-
-120, -779, 511
-78, -800, 532
-122, -851, 625
-117, -869, 643
-132, -881, 608
-140, -950, 677
-155, -950, 759
-155, -999, 759
-224, -1106, 810
-341, -1199, 865
-445, -1288, 920
-502, -1293, 930
-526, -1226, 893
-525, -1124, 805
-504, -1016, 714
-511, -962, 703
-527, -939, 696
-518, -879, 591
-463, -761, 479
-445, -725, 470
-446, -731, 452
-439, -719, 462
-437, -712, 472
-424, -690, 440
-359, -615, 398
-263, -538, 393
-263, -538, 393
-198, -487, 367
-165, -465, 348
-153, -487, 342
-145, -505, 336
-111, -477, 325
-64, -441, 306
12, -358, 282
74, -305, 267
134, -255, 260
134, -255, 260
176, -271, 260
220, -284, 305
254, -287, 307
298, -296, 300
412, -228, 376
506, -218, 432
524, -310, 556
524, -310, 556
504, -500, 624
535, -601, 706
604, -657, 837
660, -738, 1018
652, -877, 1112
630, -998, 1159
-,-,-
-88, -804, 622
-88, -804, 622
-64, -792, 615
-70, -821, 532
-92, -870, 534
-130, -927, 629
-170, -1018, 736
-229, -1113, 812
-320, -1210, 857
-463, -1359, 926
-563, -1429, 930
-600, -1391, 891
-599, -1291, 847
-593, -1193, 810
-585, -1077, 718
-561, -962, 589
-573, -914, 556
-573, -914, 556
-588, -877, 503
-559, -787, 474
-508, -687, 417
-458, -600, 376
-410, -548, 308
-334, -472, 254
-252, -395, 246
-203, -354, 205
-175, -360, 173
-183, -413, 181
-168, -459, 173
-124, -458, 190
-75, -432, 214
-75, -432, 214
-29, -423, 217
42, -377, 190
120, -323, 174
166, -303, 182
204, -295, 219
261, -307, 301
261, -307, 301
324, -299, 359
357, -306, 366
374, -357, 352
424, -380, 423
482, -457, 545
563, -491, 674
615, -629, 813
615, -629, 813
616, -824, 924
591, -1050, 1038
-,-,-
-95, -775, 625
-77, -801, 473
-77, -801, 473
-84, -803, 573
-73, -810, 694
-109, -880, 759
-178, -959, 779
-238, -1038, 807
-283, -1093, 869
-322, -1119, 875
-374, -1143, 889
-421, -1138, 866
-520, -1175, 886
-587, -1206, 895
-592, -1129, 826
-566, -999, 762
-551, -918, 656
-548, -875, 568
-516, -800, 496
-516, -800, 496
-479, -731, 486
-447, -684, 472
-416, -631, 445
-376, -580, 405
-341, -524, 401
-320, -500, 389
-307, -520, 331
-263, -508, 312
-213, -468, 327
-184, -452, 349
-158, -446, 326
-117, -414, 284
-45, -340, 280
-45, -340, 280
42, -272, 299
122, -220, 308
240, -149, 285
339, -109, 308
372, -152, 261
398, -258, 299
398, -258, 299
495, -296, 388
617, -305, 466
690, -391, 556
734, -550, 650
758, -759, 852
792, -938, 1108
849, -1030, 1263
