-,-,-
-51, -766, 182
-157, -766, 158
-157, -774, 149
-138, -818, 179
-172, -860, 205
-135, -854, 105
-118, -870, 122
-124, -890, 85
-141, -954, 43
-190, -979, 1
-190, -979, 1
-157, -979, 143
-158, -981, 195
-144, -970, 159
-188, -986, 16
-226, -964, 93
-306, -830, 204
-439, -640, 131
-551, -362, 96
-551, -362, 96
-752, -175, 231
-977, -168, 254
-1056, -215, 349
-1143, -264, 343
-1030, -363, 146
-794, -458, -78
-589, -555, -196
-159, -713, 186
310, -933, 716
709, -1114, 871
702, -1270, 909
550, -1411, 1039
479, -1572, 1180
471, -1683, 1246
617, -1674, 1212
574, -1603, 1012
499, -1496, 730
690, -1384, 625
871, -1208, 626
871, -1208, 626
916, -1109, 333
905, -1059, 246
878, -969, 451
938, -825, 661
1036, -719, 699
1053, -637, 630
1061, -555, 535
712, -577, 472
253, -654, 446
12, -682, 611
12, -682, 611
-166, -671, 888
-388, -597, 835
-664, -582, 719
-1005, -627, 1143
-1226, -684, 1310
-1283, -749, 1236
-1372, -824, 896
-1298, -847, 507
-962, -834, 447
-705, -798, 480
-707, -790, 511
-699, -867, 590
-526, -869, 735
-327, -872, 669
-238, -873, 645
-301, -933, 616
-,-,-
-95, -888, 132
-113, -927, 114
-212, -950, 116
-279, -1031, 74
-336, -1078, 147
-249, -1079, 202
-222, -1041, 316
-332, -1065, 264
-323, -1049, 200
-287, -993, 303
-287, -993, 303
-366, -915, 257
-398, -656, 343
-507, -335, 90
-565, -20, -121
-648, 122, 92
-983, 52, 448
-1100, -38, 631
-1139, -193, 397
-1097, -290, -64
-704, -297, -230
-221, -487, 212
199, -783, 637
199, -783, 637
488, -1080, 478
777, -1214, 556
761, -1374, 835
623, -1622, 1245
442, -1755, 1522
205, -1789, 1583
130, -1762, 1235
165, -1647, 924
241, -1510, 741
417, -1393, 573
534, -1238, 577
608, -1153, 593
579, -1102, 570
758, -1034, 695
953, -925, 801
953, -925, 801
1030, -873, 746
951, -864, 671
952, -790, 611
1032, -672, 663
789, -632, 635
462, -564, 771
44, -499, 868
44, -499, 868
-430, -472, 931
-753, -404, 1169
-1117, -444, 1096
-1405, -499, 1013
-1348, -471, 801
-1259, -444, 784
-1304, -485, 816
-1272, -561, 635
-1065, -579, 660
-879, -632, 606
-706, -714, 550
-528, -766, 761
-463, -793, 722
-428, -803, 617
-387, -823, 594
-,-,-
-392, -694, 442
-213, -629, 278
-232, -549, 183
-232, -549, 183
-621, -404, 260
-847, -280, 182
-688, -82, 404
-626, -33, 339
-788, -73, 230
-1068, -158, 214
-1227, -314, 229
-983, -471, 286
-373, -603, 610
80, -648, 604
98, -824, 535
98, -824, 535
214, -1122, 905
551, -1323, 1052
807, -1362, 1034
835, -1491, 911
666, -1778, 994
615, -1873, 1064
687, -1830, 1098
617, -1737, 1049
451, -1588, 800
399, -1420, 561
446, -1276, 533
571, -1107, 592
683, -1010, 594
759, -921, 534
759, -921, 534
814, -885, 486
890, -845, 549
776, -782, 765
477, -721, 747
232, -709, 641
127, -613, 760
-143, -536, 992
-143, -536, 992
-574, -487, 1024
-789, -448, 937
-1056, -429, 963
-1201, -388, 817
-1054, -355, 655
-964, -383, 719
-958, -493, 927
-906, -590, 840
-788, -666, 699
-733, -795, 782
-556, -856, 862
-375, -826, 771
-300, -778, 641
-338, -775, 591
-346, -791, 593
-313, -824, 620
-313, -824, 620
-253, -808, 618
-160, -792, 652
-206, -810, 677
-293, -868, 671
-,-,-
-701, -338, 479
-735, -265, 336
-732, -310, 377
-825, -328, 185
-987, -350, 132
-987, -350, 132
-1057, -555, -30
-645, -615, 41
-208, -700, 247
4, -766, 688
184, -889, 976
132, -1010, 962
30, -1006, 1012
69, -1015, 655
168, -966, 559
168, -966, 559
47, -883, 349
-172, -929, 351
-287, -1062, 608
-181, -1141, 729
92, -1084, 696
202, -1108, 633
193, -1207, 679
272, -1281, 870
462, -1289, 1064
579, -1260, 942
497, -1318, 795
509, -1344, 800
509, -1344, 800
649, -1326, 927
828, -1253, 938
979, -1191, 994
1062, -1161, 920
991, -1048, 956
682, -961, 918
464, -788, 756
256, -542, 569
-146, -434, 582
-588, -377, 786
-837, -258, 1053
-1016, -215, 872
-1015, -219, 818
-926, -231, 897
-926, -231, 897
-1110, -245, 846
-1170, -325, 792
-1089, -437, 724
-900, -509, 756
-744, -598, 593
-686, -686, 622
-679, -755, 678
-536, -786, 789
-454, -807, 852
-383, -801, 810
-365, -773, 734
-339, -752, 679
-327, -744, 621
-306, -737, 626
-252, -703, 671
-288, -737, 772
-288, -737, 772
-,-,-
-316, -696, 114
-316, -696, 114
-288, -614, 146
-376, -600, 150
-499, -465, 32
-596, -233, 14
-559, 12, 113
-359, 107, 458
-418, 129, 559
-997, -7, 48
-997, -7, 48
-1402, -87, -247
-1124, -46, -54
-678, -210, 175
-505, -486, 508
-412, -749, 592
-143, -966, 739
59, -1191, 976
336, -1390, 1320
614, -1551, 1596
702, -1663, 1401
716, -1692, 1237
524, -1704, 1269
335, -1689, 1318
315, -1529, 1165
203, -1376, 990
203, -1376, 990
100, -1279, 692
189, -1151, 491
396, -1090, 469
476, -1028, 632
515, -1057, 801
715, -1043, 833
872, -992, 762
855, -1021, 831
1030, -989, 963
1069, -887, 955
657, -836, 1032
266, -697, 943
266, -697, 943
53, -469, 510
-209, -349, 477
-500, -277, 553
-657, -177, 657
-942, -168, 838
-1091, -224, 867
-1070, -235, 775
-1072, -248, 662
-1132, -338, 737
-1310, -443, 686
-1196, -511, 736
-943, -598, 837
-660, -651, 1002
-545, -757, 961
-429, -808, 878
-312, -835, 705
-312, -835, 705
-259, -828, 743
-177, -824, 756
-212, -828, 720
-275, -814, 755
-283, -782, 748
-,-,-
-411, -765, 318
-330, -746, 175
-418, -747, 301
-489, -707, 178
-633, -532, 176
-683, -362, 301
-674, -171, 335
-750, -112, 351
-750, -112, 351
-829, -107, 230
-1131, -131, -85
-1232, -132, 103
-998, -155, 346
-630, -228, 422
-257, -336, 662
-33, -522, 716
163, -722, 602
208, -864, 788
217, -1080, 1101
203, -1387, 1295
347, -1576, 1424
384, -1640, 1348
347, -1626, 1213
278, -1592, 1085
378, -1509, 1012
458, -1407, 968
424, -1344, 856
424, -1344, 856
413, -1223, 758
450, -1102, 648
511, -1023, 612
550, -951, 608
647, -898, 660
665, -903, 823
708, -898, 935
859, -833, 789
759, -812, 771
759, -812, 771
489, -825, 910
224, -787, 1045
25, -602, 1079
-140, -479, 957
-367, -400, 873
-665, -328, 989
-952, -243, 791
-1019, -193, 791
-947, -167, 659
-1041, -182, 599
-1176, -233, 768
-1234, -306, 813
-1175, -382, 787
-951, -486, 764
-951, -486, 764
-784, -600, 734
-603, -669, 824
-521, -738, 894
-533, -823, 839
-436, -858, 892
-383, -881, 881
-353, -837, 900
-387, -832, 818
-430, -853, 751
-,-,-
-179, -737, 383
-163, -705, 296
-309, -731, 375
-488, -698, 220
-579, -531, 115
-555, -418, 272
-612, -212, 54
-539, -137, 254
-531, -118, 249
-626, -135, 167
-804, -186, 226
-879, -265, 250
-731, -347, 354
-731, -347, 354
-365, -485, 518
-165, -710, 598
-57, -1048, 642
19, -1249, 1062
161, -1344, 1346
409, -1410, 1514
644, -1423, 1525
478, -1546, 1256
324, -1562, 1103
310, -1493, 1040
187, -1453, 984
191, -1369, 879
259, -1260, 669
349, -1165, 588
512, -1070, 572
607, -1010, 599
638, -967, 681
638, -967, 681
648, -927, 767
736, -907, 818
991, -755, 807
1129, -624, 748
860, -598, 578
465, -615, 734
168, -585, 881
-59, -510, 783
-59, -510, 783
-253, -412, 704
-616, -371, 706
-1062, -395, 917
-1240, -358, 997
-1316, -339, 1048
-1330, -323, 1074
-1250, -318, 977
-1137, -308, 876
-1079, -334, 780
-1008, -425, 638
-936, -523, 609
-794, -615, 541
-608, -699, 555
-366, -720, 784
-336, -775, 826
-285, -809, 858
-258, -833, 823
-281, -841, 779
-288, -836, 709
-288, -836, 709
-287, -824, 654
-,-,-
-128, -626, 142
-322, -652, 10
-522, -494, 46
-522, -494, 46
-578, -326, 294
-631, -176, 369
-688, -125, 173
-700, -133, 194
-764, -197, 318
-809, -229, 275
-938, -296, 40
-931, -374, -25
-648, -454, 180
-390, -543, 548
-182, -771, 821
-64, -929, 889
-64, -929, 889
-58, -1064, 1043
-115, -1188, 1425
108, -1333, 1441
281, -1387, 1364
360, -1452, 1321
340, -1419, 1136
304, -1426, 970
345, -1378, 939
333, -1313, 811
364, -1278, 684
440, -1191, 780
465, -1128, 844
489, -1065, 871
527, -1009, 837
538, -975, 820
618, -921, 718
618, -921, 718
696, -850, 800
635, -812, 862
457, -806, 888
323, -768, 885
275, -724, 902
140, -692, 1041
-80, -618, 1130
-280, -512, 1040
-536, -400, 684
-536, -400, 684
-806, -336, 499
-873, -327, 643
-1010, -326, 881
-1030, -381, 1026
-1082, -418, 931
-1033, -430, 647
-941, -493, 638
-833, -534, 670
-743, -565, 718
-755, -600, 598
-715, -632, 538
-619, -661, 656
-518, -694, 684
-393, -704, 720
-342, -745, 687
-317, -766, 648
-272, -776, 719
-272, -776, 719
-262, -804, 822
-,-,-
-419, -562, 81
-465, -614, -22
-465, -614, -22
-371, -462, 211
-372, -358, 71
-396, -176, 53
-488, -115, 197
-636, -209, 227
-689, -230, 296
-716, -168, 35
-669, -55, 212
-708, -190, 304
-622, -316, 436
-622, -316, 436
-394, -386, 366
-162, -524, 448
-194, -757, 499
-81, -979, 683
159, -1209, 1229
494, -1482, 1585
719, -1613, 1885
719, -1615, 1868
442, -1615, 1582
200, -1546, 1239
113, -1483, 1064
93, -1391, 974
156, -1275, 829
200, -1156, 793
219, -1062, 731
265, -976, 609
265, -976, 596
433, -908, 596
675, -877, 684
852, -850, 835
983, -737, 1009
1083, -637, 955
930, -599, 896
558, -583, 859
91, -570, 845
91, -570, 845
-247, -546, 721
-292, -444, 732
-498, -345, 903
-867, -310, 1002
-1025, -278, 1029
-1044, -224, 975
-1115, -221, 844
-1220, -313, 749
-1159, -363, 631
-1076, -417, 553
-1084, -483, 627
-932, -517, 737
-783, -560, 730
-644, -595, 751
-511, -637, 812
-447, -689, 766
-444, -725, 709
-375, -755, 722
-375, -755, 722
-347, -788, 739
-290, -767, 805
-259, -749, 865
-310, -748, 823
-349, -725, 713
-,-,-
-326, -625, 66
-326, -625, 66
-492, -624, 53
-490, -548, 13
-509, -371, 189
-666, -247, 266
-666, -119, 354
-580, -115, 342
-719, -101, 143
-920, -7, 25
-920, -7, 25
-960, 10, -35
-806, -78, 44
-531, -169, -14
-476, -289, -46
-328, -458, 88
-172, -711, 381
-172, -711, 381
-49, -882, 731
-55, -1096, 992
-105, -1328, 1451
79, -1461, 1749
333, -1455, 1770
472, -1566, 1714
454, -1690, 1630
655, -1644, 1624
776, -1546, 1592
757, -1414, 1332
737, -1312, 1068
734, -1173, 949
673, -1051, 882
647, -958, 761
703, -860, 621
798, -774, 656
801, -674, 757
801, -674, 757
558, -679, 934
268, -694, 1085
108, -620, 1085
28, -513, 977
-127, -400, 942
-433, -381, 1091
-753, -346, 1142
-1114, -345, 855
-1297, -393, 747
-1020, -244, 676
-979, -220, 791
-1131, -271, 867
-1237, -374, 928
-1170, -457, 805
-869, -476, 558
-617, -557, 339
-617, -557, 339
-543, -670, 438
-609, -753, 643
-576, -783, 722
-451, -765, 775
-343, -769, 738
-273, -753, 631
-236, -776, 625
-,-,-
-79, -487, 80
-193, -626, -70
-479, -578, 169
-453, -508, 378
-502, -407, 236
-502, -407, 236
-706, -291, 217
-825, -243, 129
-785, -232, 305
-770, -198, 520
-762, -151, 551
-722, -148, 398
-617, -236, 230
-643, -400, 155
-648, -453, 158
-781, -482, 179
-716, -626, 397
-291, -812, 595
91, -1016, 617
91, -1016, 617
362, -1261, 748
667, -1503, 872
1151, -1541, 963
1417, -1479, 928
1225, -1517, 814
764, -1563, 1167
230, -1570, 1418
48, -1458, 1471
133, -1328, 1191
145, -1209, 853
176, -1127, 598
332, -1058, 540
524, -959, 611
607, -883, 638
561, -876, 708
561, -876, 708
442, -879, 879
347, -884, 916
379, -877, 850
472, -844, 877
496, -784, 621
566, -669, 607
326, -625, 757
326, -625, 757
-72, -610, 860
-144, -475, 878
-279, -353, 821
-602, -313, 888
-867, -282, 992
-1192, -319, 1190
-1430, -461, 1216
-1328, -519, 1135
-1034, -478, 955
-1007, -497, 661
-1042, -552, 445
-880, -585, 528
-676, -602, 648
-528, -646, 729
-470, -664, 726
-464, -726, 613
-422, -749, 555
-,-,-
-299, -414, 160
-221, -452, 224
-386, -443, 26
-407, -394, 72
-365, -139, 96
-558, -21, 108
-795, 38, 82
-626, 0, 78
-626, 0, 78
-647, 3, 101
-896, -27, 125
-919, -82, 233
-919, -82, 291
-877, -244, 291
-843, -371, 137
-736, -527, 288
-681, -790, 645
-372, -1007, 915
15, -1162, 1199
338, -1346, 1413
727, -1501, 1515
1073, -1541, 1492
979, -1579, 1375
576, -1592, 1142
289, -1550, 995
233, -1511, 1001
226, -1458, 885
317, -1331, 739
336, -1256, 598
304, -1195, 599
426, -1119, 743
570, -1029, 772
570, -1029, 772
714, -978, 783
752, -943, 762
755, -907, 809
690, -846, 830
504, -848, 861
454, -773, 851
392, -666, 817
189, -607, 879
189, -607, 879
17, -522, 984
-184, -408, 885
-685, -360, 938
-1112, -311, 821
-1157, -255, 887
-1088, -241, 981
-1243, -292, 921
-1320, -353, 761
-1153, -385, 643
-974, -440, 653
-907, -536, 644
-765, -628, 666
-666, -705, 660
-496, -743, 650
-390, -771, 735
-390, -771, 735
-360, -787, 738
-331, -783, 671
-370, -796, 684
-409, -777, 667
-,-,-
-249, -440, 114
-257, -451, -45
-315, -445, 27
-220, -399, 153
-185, -296, -210
-305, -178, -178
-554, -166, 162
-686, -171, 359
-681, -150, 370
-628, -252, 216
-753, -260, -119
-1022, -276, -238
-943, -308, 272
-714, -400, 622
-491, -523, 596
-406, -560, 483
-321, -696, 588
-321, -696, 588
-346, -941, 555
-214, -1186, 725
182, -1361, 1070
579, -1463, 1451
618, -1605, 1521
509, -1636, 1502
335, -1582, 1366
324, -1461, 1201
330, -1397, 1157
233, -1349, 1096
113, -1285, 914
99, -1207, 761
293, -1095, 741
481, -1036, 742
555, -1070, 833
771, -1058, 1047
1056, -948, 1104
1262, -838, 1005
1222, -795, 1041
958, -706, 1086
514, -595, 1120
81, -427, 949
81, -427, 949
-336, -282, 804
-808, -237, 868
-1185, -232, 996
-1350, -248, 1137
-1311, -256, 1129
-1088, -192, 898
-865, -189, 850
-913, -228, 739
-1059, -319, 525
-1132, -416, 435
-799, -496, 558
-537, -509, 651
-572, -569, 665
-606, -584, 674
-624, -590, 669
-629, -591, 603
-639, -667, 572
-639, -667, 572
-565, -735, 618
-434, -734, 715
-381, -732, 822
-416, -745, 839
-385, -769, 828
-,-,-
-354, -230, 57
-451, -200, -257
-610, 6, -15
-518, 149, 91
-402, 173, 13
-402, 173, 13
-688, 57, -25
-1071, -43, -72
-1144, -81, 28
-979, -118, 257
-777, -230, 379
-326, -387, 508
-121, -536, 616
-386, -728, 446
-386, -728, 446
-418, -942, 579
-156, -1148, 1080
170, -1287, 1402
420, -1404, 1559
450, -1540, 1411
415, -1653, 1451
440, -1686, 1539
447, -1632, 1526
317, -1590, 1324
188, -1512, 1133
248, -1396, 1003
431, -1240, 881
634, -1107, 846
749, -998, 904
785, -877, 877
782, -785, 847
637, -731, 821
500, -698, 774
500, -698, 774
462, -659, 860
419, -603, 975
250, -542, 1034
-14, -531, 992
-296, -489, 988
-477, -392, 992
-647, -260, 910
-838, -188, 937
-997, -149, 911
-1040, -111, 807
-1040, -111, 807
-1118, -113, 692
-1250, -194, 767
-1201, -301, 874
-1077, -377, 780
-1090, -518, 703
-1016, -638, 716
-864, -719, 710
-633, -754, 802
-493, -736, 836
-376, -706, 807
-323, -689, 757
-307, -703, 706
-235, -681, 705
-263, -686, 685
-276, -674, 657
-,-,-
-388, -274, 257
-424, -387, 270
-565, -72, -170
-523, 147, -84
-545, 276, 227
-556, 222, 462
-556, 222, 462
-760, 164, 434
-962, 60, 64
-900, -47, -273
-720, -100, -478
-406, -356, -231
-90, -722, 363
35, -1068, 713
-92, -1178, 1140
-146, -1277, 1297
0, -1440, 1555
219, -1532, 1565
301, -1577, 1478
191, -1594, 1293
191, -1594, 1293
115, -1654, 1155
224, -1694, 1177
324, -1620, 1100
406, -1447, 945
365, -1306, 860
174, -1264, 878
157, -1220, 889
419, -1117, 837
589, -1036, 858
633, -978, 802
661, -924, 714
666, -868, 739
638, -807, 919
396, -790, 1097
396, -790, 1097
332, -624, 1112
212, -375, 927
-135, -234, 860
-528, -130, 1003
-825, -38, 1086
-1099, -18, 1104
-1266, -72, 892
-1393, -139, 819
-1428, -185, 678
-1347, -287, 591
-1246, -362, 590
-1141, -430, 605
-974, -483, 644
-692, -533, 717
-474, -564, 769
-383, -635, 897
-424, -670, 877
-442, -700, 805
-442, -700, 805
-418, -711, 749
-394, -716, 650
-,-,-
-372, -370, 302
-233, -352, 76
-332, -113, -10
-609, 16, -144
-510, 260, -8
-510, 260, -8
-382, 364, 418
-345, 373, 682
-605, 207, 286
-1063, -84, -47
-1367, -296, -303
-1159, -526, -252
-715, -803, 372
-516, -1049, 538
-190, -1123, 897
164, -1304, 1242
391, -1578, 1607
611, -1702, 1680
726, -1712, 1616
579, -1667, 1444
302, -1678, 1281
162, -1640, 1197
173, -1513, 1045
161, -1345, 880
79, -1199, 664
37, -1075, 435
37, -1075, 435
26, -1018, 406
244, -943, 688
364, -930, 858
368, -941, 876
416, -914, 908
505, -881, 863
469, -869, 912
469, -869, 912
357, -859, 995
329, -794, 1167
196, -739, 1300
101, -645, 1268
-93, -459, 969
-374, -289, 802
-668, -199, 865
-1001, -91, 974
-1229, -99, 1076
-1423, -142, 829
-1409, -117, 497
-1293, -172, 358
-1082, -226, 616
-982, -298, 647
-982, -298, 647
-862, -360, 513
-785, -419, 603
-766, -493, 644
-645, -544, 816
-597, -630, 802
-531, -657, 829
-483, -694, 834
-434, -711, 820
-357, -711, 795
-,-,-
-466, -491, 84
-466, -491, 84
-386, -458, 116
-294, -314, 216
-448, -159, 234
-697, 156, 71
-711, 311, 6
-752, 288, 220
-973, 219, 256
-973, 219, 256
-1251, 155, 185
-1221, 41, 111
-804, 33, -137
-510, -112, -281
-299, -234, 347
-285, -587, 778
-128, -958, 939
222, -1150, 1184
285, -1343, 1162
167, -1613, 1348
424, -1704, 1610
630, -1757, 1598
553, -1793, 1515
319, -1808, 1514
247, -1698, 1547
358, -1489, 1466
327, -1315, 1298
313, -1185, 994
313, -1185, 994
246, -1070, 683
176, -1000, 584
246, -958, 755
449, -927, 883
686, -874, 1019
791, -826, 1010
727, -781, 1052
588, -702, 1033
481, -551, 1036
335, -402, 1054
244, -181, 1033
-255, -33, 862
-255, -33, 862
-1067, -38, 686
-1745, -139, 633
-1698, -184, 950
-1260, -125, 1356
-1207, -139, 1252
-1259, -169, 840
-1291, -228, 592
-1148, -303, 613
-813, -330, 727
-680, -391, 635
-673, -465, 654
-693, -509, 694
-710, -574, 744
-709, -634, 727
-525, -640, 688
-383, -620, 688
-368, -651, 782
-373, -684, 787
-310, -690, 774
-310, -690, 774
-,-,-
-427, 92, 52
-418, 154, 90
-656, 289, -130
-644, 376, 50
-725, 225, 143
-725, 225, 143
-1071, 124, 31
-1130, 24, -3
-986, -7, -371
-668, -160, -58
-349, -397, 471
-93, -502, 757
-51, -632, 735
-216, -963, 971
-216, -963, 971
-182, -1286, 1270
106, -1390, 1439
114, -1451, 1503
86, -1574, 1580
145, -1708, 1522
190, -1696, 1357
291, -1584, 1233
262, -1462, 1192
170, -1318, 1113
135, -1201, 1001
122, -1143, 881
138, -1076, 829
118, -1052, 820
251, -999, 856
383, -982, 843
490, -1058, 1001
649, -1068, 1175
765, -992, 1177
755, -901, 1114
638, -798, 1017
482, -712, 1027
482, -712, 1027
342, -522, 1111
36, -278, 966
-532, -87, 825
-942, -24, 865
-1120, -24, 1026
-1264, -30, 921
-1180, -2, 780
-1088, 64, 735
-1224, -6, 695
-1224, -6, 695
-1261, -105, 951
-1285, -213, 908
-1100, -261, 808
-979, -341, 631
-949, -441, 552
-792, -536, 611
-596, -604, 678
-446, -628, 681
-400, -669, 800
-493, -685, 789
-483, -705, 859
-456, -713, 840
-395, -693, 809
-376, -687, 774
-376, -687, 774
-,-,-
-234, -279, 114
-363, -302, 77
-497, -365, 15
-409, -325, 24
-538, -136, -38
-628, 99, -1
-497, 203, 209
-497, 203, 209
-529, 237, 274
-703, 182, 188
-624, 79, 174
-581, 43, -57
-705, -12, -256
-839, -160, -77
-919, -408, 98
-919, -408, 98
-597, -617, 270
-294, -851, 591
-207, -1102, 926
-271, -1313, 1262
-93, -1459, 1677
343, -1566, 1925
819, -1617, 1975
774, -1605, 1894
308, -1612, 1776
6, -1598, 1564
59, -1474, 1327
265, -1318, 1142
214, -1192, 925
45, -1123, 842
1, -1051, 832
198, -963, 858
198, -963, 858
394, -869, 836
397, -876, 934
343, -843, 1034
259, -830, 1096
284, -802, 982
501, -709, 840
589, -621, 920
538, -506, 1134
166, -419, 916
166, -419, 916
-233, -337, 719
-460, -266, 678
-636, -179, 866
-898, -117, 1039
-1093, -115, 1054
-1138, -47, 922
-1216, -31, 759
-1238, -26, 761
-1313, -119, 695
-1277, -248, 590
-1149, -356, 521
-967, -425, 506
-792, -483, 581
-698, -601, 776
-703, -701, 847
-581, -725, 870
-581, -725, 870
-484, -715, 756
-357, -674, 731
-264, -638, 845
-344, -627, 904
-467, -626, 825
-591, -621, 703
-650, -634, 689
-,-,-
-615, -296, -64
-567, -364, -295
-418, -191, -196
-380, -162, 13
-538, -161, 236
-571, -93, 299
-632, 0, 138
-632, 0, 138
-686, 29, -78
-714, 36, -91
-769, 43, 77
-776, 7, 358
-776, 7, 358
-555, -72, 493
-470, -226, 457
-545, -546, 670
-521, -961, 954
-265, -1189, 1316
92, -1234, 1630
51, -1402, 1703
-71, -1667, 1804
-20, -1819, 1894
95, -1806, 1829
176, -1668, 1671
-17, -1644, 1399
-126, -1595, 1271
-58, -1444, 1151
75, -1241, 985
75, -1241, 985
86, -1107, 752
141, -1023, 758
318, -933, 675
459, -843, 669
529, -833, 662
523, -877, 736
676, -856, 898
676, -856, 898
741, -771, 945
642, -681, 1059
554, -590, 1024
368, -447, 1032
9, -297, 960
-348, -125, 934
-659, 5, 854
-659, 5, 854
-875, 123, 944
-1310, 27, 1314
-1515, -9, 1129
-1517, -13, 889
-1485, -86, 639
-1471, -205, 607
-1272, -262, 676
-1013, -292, 594
-785, -345, 562
-698, -436, 633
-700, -542, 703
-617, -612, 811
-484, -622, 831
-484, -622, 831
-416, -585, 658
-453, -613, 595
-471, -639, 705
-470, -649, 800
-554, -679, 815
-577, -685, 823
-,-,-
-329, -472, 305
-195, -438, 178
-452, -342, 10
-802, -337, 37
-848, -196, 12
-731, -38, 159
-609, -52, 359
-439, -51, 421
-439, -51, 421
-521, -49, 273
-703, -68, 257
-731, -142, 197
-665, -319, 157
-612, -400, 138
-501, -529, 329
-373, -755, 579
-251, -926, 636
-216, -1044, 766
-70, -1103, 844
-70, -1103, 844
57, -1283, 1008
159, -1443, 1238
187, -1593, 1472
89, -1667, 1519
-93, -1664, 1328
-204, -1644, 1127
-32, -1548, 1032
70, -1450, 1123
2, -1336, 1063
-94, -1198, 943
-86, -1085, 806
-3, -989, 722
20, -956, 737
33, -941, 773
33, -941, 773
241, -912, 854
523, -880, 835
754, -844, 809
872, -822, 968
943, -777, 1230
1020, -562, 1327
798, -289, 1207
135, -177, 1110
135, -177, 1110
-489, -167, 978
-1013, -204, 1072
-1475, -162, 1084
-1698, -156, 774
-1657, -135, 567
-1445, -81, 570
-1377, -72, 759
-1423, -110, 918
-1338, -158, 788
-1106, -183, 653
-907, -202, 445
-813, -257, 377
-778, -382, 617
-679, -444, 747
-504, -484, 794
-356, -546, 836
-381, -612, 806
-479, -643, 764
-578, -706, 838
-674, -780, 891
-674, -780, 932
-,-,-
-408, -455, 293
-382, -483, 358
-268, -385, 74
-244, -356, 12
-419, -350, 261
-464, -247, 295
-437, -91, 160
-446, -44, 76
-563, -97, 153
-563, -97, 153
-639, -110, 237
-657, -82, 221
-691, -39, 7
-708, -124, 106
-639, -245, 79
-597, -401, 29
-543, -607, 268
-685, -911, 439
-685, -911, 439
-596, -1150, 336
-250, -1239, 549
-66, -1420, 992
59, -1657, 1464
134, -1803, 1623
226, -1777, 1472
187, -1673, 1204
26, -1646, 982
-62, -1653, 944
41, -1569, 950
78, -1440, 816
33, -1330, 753
5, -1256, 674
5, -1256, 674
124, -1173, 681
290, -1099, 677
365, -1047, 720
344, -1044, 767
326, -1039, 813
345, -996, 806
376, -940, 776
459, -838, 741
394, -736, 850
394, -736, 850
-91, -749, 861
-409, -624, 856
-401, -417, 736
-655, -301, 625
-923, -292, 625
-1131, -311, 691
-1315, -232, 684
-1481, -258, 511
-1484, -299, 468
-1397, -351, 501
-988, -365, 621
-741, -392, 605
-758, -429, 381
-787, -495, 331
-824, -577, 465
-824, -577, 465
-785, -662, 549
-712, -717, 593
-681, -720, 633
-650, -700, 629
-627, -690, 605
-656, -712, 556
-699, -742, 555
-692, -769, 653
-,-,-
-510, -553, -81
-510, -553, -81
-459, -422, -75
-473, -433, 158
-772, -469, -75
-783, -310, -98
-719, -117, -14
-699, -24, 248
-788, -36, 451
-765, -52, 296
-670, -105, 155
-630, -118, -19
-630, -118, -19
-612, -220, -25
-365, -392, 241
-224, -551, 221
-343, -786, 99
-157, -1071, 161
30, -1434, 475
43, -1734, 601
145, -1898, 770
77, -1992, 932
-150, -1998, 912
-263, -1964, 923
-212, -1870, 1088
-89, -1682, 981
-68, -1514, 691
-68, -1514, 691
-136, -1404, 394
-67, -1284, 381
113, -1149, 421
292, -1061, 455
197, -1113, 454
126, -1173, 569
200, -1196, 659
371, -1150, 830
345, -1120, 891
229, -1038, 879
0, -968, 715
-186, -902, 615
-186, -902, 615
-312, -756, 689
-449, -527, 652
-668, -393, 861
-1173, -339, 747
-1574, -306, 415
-1412, -262, 424
-815, -135, 484
-929, -235, 710
-1265, -368, 891
-1354, -430, 749
-1198, -416, 471
-974, -380, 339
-1019, -421, 228
-1116, -490, 148
-1120, -585, 247
-956, -641, 408
-749, -656, 456
-696, -693, 402
-742, -757, 364
-785, -850, 520
-785, -850, 520
-731, -868, 634
-615, -870, 693
-,-,-
-452, -330, 432
-378, -365, 479
-552, -395, 50
-640, -239, -54
-715, -25, -26
-761, 108, 161
-729, 85, 410
-729, 85, 410
-773, 48, 347
-990, -61, -25
-934, -128, -171
-623, -232, -239
-363, -332, -183
-220, -430, -216
-286, -602, 30
-169, -873, 377
104, -1144, 808
70, -1426, 682
-72, -1665, 615
-72, -1665, 615
-201, -1885, 707
-82, -1996, 953
24, -1984, 1181
16, -1885, 1122
-82, -1751, 924
-146, -1605, 688
-117, -1443, 561
-71, -1326, 577
-1, -1225, 520
37, -1133, 446
101, -1071, 346
185, -1054, 420
260, -1094, 519
435, -1127, 705
435, -1127, 705
501, -1178, 833
495, -1198, 799
594, -1135, 796
455, -1082, 793
210, -991, 840
-33, -849, 925
-287, -662, 866
-399, -476, 750
-510, -296, 625
-767, -220, 624
-1161, -216, 783
-1543, -242, 881
-1486, -188, 863
-1168, -177, 878
-1114, -146, 710
-1393, -217, 499
-1393, -217, 499
-1566, -320, 431
-1286, -379, 434
-1012, -407, 356
-860, -440, 296
-972, -555, 386
-1059, -662, 545
-911, -716, 634
-,-,-
-327, -347, 437
-600, -296, 192
-565, -113, -75
-445, 80, -78
-331, 158, 160
-284, 49, 93
-284, 49, 93
-440, -22, -198
-437, -70, -116
-479, -216, -143
-570, -441, -208
-570, -604, -197
-400, -752, -167
-338, -999, 190
-427, -1330, 649
-349, -1484, 842
-307, -1594, 976
-268, -1687, 1030
-118, -1769, 967
20, -1783, 983
101, -1690, 976
41, -1593, 918
-13, -1531, 799
-29, -1426, 669
-29, -1426, 669
21, -1319, 594
108, -1229, 637
129, -1181, 641
73, -1161, 574
110, -1138, 510
220, -1098, 530
420, -1010, 596
320, -1062, 654
149, -1100, 726
179, -1018, 665
228, -915, 622
228, -915, 622
151, -863, 665
-21, -833, 806
-73, -752, 793
-62, -596, 754
-239, -522, 706
-504, -495, 800
-659, -448, 842
-922, -359, 841
-1124, -229, 666
-1257, -215, 617
-1343, -294, 573
-1343, -294, 453
-1542, -332, 453
-1725, -393, 491
-1580, -418, 502
-1219, -402, 411
-970, -472, 497
-887, -559, 653
-808, -627, 663
-,-,-
-146, -481, 139
-232, -523, 29
-523, -510, -171
-660, -361, -138
-606, -206, 25
-507, -17, 185
-332, 86, 265
-476, 22, 41
-913, -139, -322
-996, -163, -267
-996, -163, -267
-842, -172, -51
-614, -368, 399
-369, -655, 383
-395, -829, 8
-407, -976, 96
-456, -1271, 162
-387, -1495, 929
-169, -1632, 1404
36, -1707, 1452
38, -1723, 1170
109, -1720, 1062
184, -1695, 1198
83, -1639, 1221
12, -1522, 1014
-59, -1393, 754
-72, -1307, 642
117, -1210, 682
117, -1210, 682
249, -1122, 640
184, -1124, 619
176, -1112, 594
341, -1046, 506
443, -1027, 644
330, -1062, 885
239, -1046, 939
204, -940, 873
165, -820, 590
31, -770, 473
31, -770, 473
-62, -668, 517
-201, -549, 788
-570, -423, 860
-802, -188, 784
-981, -221, 671
-1048, -207, 880
-1173, -197, 737
-1493, -295, 648
-1532, -381, 730
-1217, -399, 693
-,-,-
-9, -443, 62
-200, -516, -107
-341, -485, -165
-494, -472, -112
-614, -228, -270
-615, -19, -28
-628, 112, 63
-628, 112, 63
-559, 162, 176
-522, 134, 1
-657, 46, -249
-750, 11, -247
-676, -99, -49
-676, -99, -49
-515, -376, 72
-366, -644, 52
-514, -845, 130
-683, -988, 337
-571, -1317, 701
-59, -1477, 1230
76, -1593, 1264
-148, -1714, 1320
-197, -1707, 1237
-28, -1681, 1209
262, -1572, 1339
327, -1532, 1185
174, -1491, 1007
-9, -1415, 740
-43, -1348, 677
-2, -1281, 740
57, -1215, 747
57, -1215, 747
228, -1099, 664
274, -1053, 605
186, -1049, 640
273, -1008, 662
314, -980, 709
262, -962, 719
245, -904, 709
164, -861, 741
111, -810, 689
111, -810, 689
143, -713, 571
119, -604, 538
-72, -572, 693
-349, -577, 1004
-503, -529, 946
-648, -471, 816
-617, -347, 665
-1085, -365, 639
-1505, -244, 1159
-,-,-
-241, -394, 316
-272, -391, 155
-307, -381, 30
-364, -432, -79
-439, -357, -40
-421, -258, -118
-548, -178, -240
-550, -61, -160
-492, 50, -36
-558, 103, 18
-558, 103, 18
-610, 43, -62
-623, 4, -110
-650, -89, -200
-418, -234, 43
-262, -475, 21
-425, -666, 75
-425, -666, 75
-602, -898, 255
-592, -1215, 654
-321, -1345, 1192
-143, -1372, 1180
-258, -1461, 1005
-439, -1598, 922
-388, -1600, 1050
-163, -1483, 1183
-15, -1376, 1202
-38, -1371, 916
-19, -1353, 779
-25, -1289, 646
11, -1203, 749
-120, -1208, 874
-122, -1197, 918
-41, -1200, 879
144, -1147, 759
265, -1140, 875
276, -1154, 881
356, -1167, 774
461, -1164, 836
585, -1118, 972
678, -981, 995
678, -981, 995
617, -797, 884
143, -753, 716
-332, -662, 539
-442, -500, 355
-519, -315, 353
-624, -210, 718
-890, -153, 886
-1159, -206, 827
-1090, -249, 748
-,-,-
-187, -348, 237
-164, -301, 100
-410, -332, 29
-521, -308, -6
-440, -262, -76
-481, -224, -243
-533, -99, -133
-467, 8, -94
-392, 90, 192
-392, 90, 192
-335, 81, 224
-380, 27, -44
-589, -44, -261
-657, -127, -215
-408, -218, 37
-128, -399, 211
-135, -696, 159
-135, -696, 159
-346, -961, 160
-445, -1230, 497
-304, -1442, 960
-135, -1560, 1426
-338, -1747, 1345
-431, -1850, 1446
-251, -1802, 1426
36, -1689, 1127
7, -1614, 1056
-144, -1525, 1054
-190, -1400, 933
-66, -1269, 856
20, -1164, 775
21, -1094, 673
13, -1044, 565
53, -1041, 650
168, -1016, 743
315, -1011, 806
331, -986, 801
331, -986, 801
387, -963, 797
437, -937, 691
414, -946, 789
332, -867, 951
247, -706, 873
-23, -549, 774
-292, -449, 432
-292, -449, 432
-598, -276, 461
-1048, -119, 650
-,-,-
-378, -450, 54
-378, -442, 131
-289, -396, 84
-239, -368, 158
-375, -369, -33
-580, -379, -183
-576, -358, -124
-560, -250, -73
-601, -198, 162
-628, -166, 341
-457, -134, 225
-578, -199, -197
-635, -221, -300
-520, -222, -98
-520, -222, -98
-457, -303, 196
-381, -448, 430
-188, -536, 367
-388, -719, 248
-699, -994, 276
-546, -1119, 586
-397, -1165, 927
-347, -1301, 1088
-392, -1476, 1047
-431, -1596, 1068
-268, -1613, 1165
39, -1531, 1173
132, -1553, 1122
102, -1531, 970
40, -1495, 944
123, -1431, 928
267, -1315, 864
210, -1241, 818
144, -1199, 780
224, -1133, 730
427, -1015, 714
427, -1015, 714
532, -976, 722
399, -1031, 814
417, -1010, 893
342, -961, 845
223, -884, 765
128, -803, 812
-50, -667, 770
-223, -462, 620
-401, -249, 633
-401, -249, 633
-,-,-
-154, -460, 235
-231, -468, 274
-231, -468, 274
-317, -468, 184
-386, -436, 10
-374, -425, 152
-421, -372, 4
-419, -259, -57
-504, -172, -82
-602, -90, -94
-636, -78, 96
-658, -75, 146
-658, -75, 146
-629, -108, 83
-686, -223, -65
-722, -297, -48
-711, -374, -87
-569, -447, 48
-476, -551, 320
-491, -735, 512
-518, -861, 611
-552, -986, 655
-490, -1141, 648
-490, -1141, 695
-502, -1275, 695
-419, -1378, 856
-362, -1495, 1134
-194, -1538, 1232
-19, -1533, 1078
-23, -1510, 1053
-23, -1510, 1015
-135, -1493, 1015
146, -1282, 886
146, -1282, 886
226, -1193, 782
220, -1154, 651
209, -1142, 665
193, -1114, 752
262, -1094, 849
316, -1094, 933
356, -1063, 885
334, -1006, 837
239, -913, 810
191, -734, 764
8, -480, 509
8, -480, 509
-331, -309, 470
-,-,-
-371, -428, 44
-393, -474, -159
-400, -432, -209
-377, -367, -146
-410, -332, 31
-434, -275, 78
-404, -144, 74
-401, -87, 18
-347, -73, -112
-347, -73, -112
-424, -100, -90
-448, -153, 0
-392, -234, 155
-550, -432, 247
-570, -557, 273
-578, -622, 256
-760, -803, 330
-840, -1026, 654
-680, -1154, 853
-531, -1270, 903
-352, -1358, 1014
-137, -1490, 1160
32, -1554, 1290
182, -1555, 1364
136, -1524, 1255
54, -1495, 1090
74, -1456, 986
178, -1365, 946
178, -1365, 946
158, -1300, 845
8, -1251, 877
-3, -1178, 829
110, -1067, 709
256, -961, 705
323, -882, 679
232, -882, 702
241, -867, 763
241, -867, 763
409, -735, 849
222, -555, 714
-196, -407, 364
-,-,-
-230, -402, 316
-191, -438, 188
-221, -521, 30
-309, -507, 77
-276, -434, 357
-265, -383, 382
-334, -393, 167
-326, -344, 63
-454, -260, -160
-444, -145, -174
-426, -39, -124
-511, -25, -64
-627, -50, 150
-627, -50, 150
-674, -47, 160
-747, -88, 94
-650, -189, 61
-531, -354, 226
-554, -480, 194
-634, -648, 249
-523, -851, 299
-447, -1079, 466
-299, -1170, 674
-213, -1281, 934
-169, -1488, 935
-169, -1488, 935
-138, -1616, 1154
-37, -1635, 1491
-37, -1635, 1491
32, -1622, 1352
9, -1605, 1140
70, -1512, 941
205, -1403, 893
278, -1293, 845
214, -1226, 825
171, -1146, 835
199, -1092, 786
335, -1044, 675
507, -959, 706
595, -853, 851
595, -853, 851
429, -792, 888
218, -720, 835
15, -651, 666
-153, -590, 475
-244, -489, 511
-300, -430, 511
-392, -364, 769
-785, -415, 1040
-1069, -214, 1023
-882, 66, 655
-,-,-
-372, -485, 299
-277, -352, 462
-293, -309, 442
-411, -285, 143
-367, -172, -325
-477, -124, -400
-477, -124, -400
-632, -99, -205
-639, -96, -24
-504, -108, 156
-411, -130, 290
-375, -132, 451
-469, -189, 118
-461, -297, -105
-378, -346, -168
-554, -430, 62
-792, -595, 347
-818, -905, 537
-626, -1089, 358
-677, -1225, 385
-609, -1349, 766
-504, -1544, 1263
-469, -1693, 1567
-321, -1680, 1550
-158, -1663, 1383
-98, -1621, 1197
-202, -1594, 1019
-278, -1511, 1104
-222, -1396, 986
-36, -1241, 835
143, -1125, 611
241, -1020, 537
232, -974, 554
159, -979, 636
159, -979, 636
210, -915, 690
325, -821, 671
368, -760, 676
155, -797, 784
67, -775, 801
-5, -713, 707
-5, -713, 707
17, -566, 567
-17, -424, 750
-428, -395, 1052
-707, -369, 1053
-784, -228, 992
-1079, -61, 618
-1445, -45, 380
-1701, -156, 574
-1637, -174, 627
-1557, -237, 724
-1635, -232, 921
-1433, -219, 415
-,-,-
-237, -258, 288
-237, -258, 288
-117, -262, -14
-169, -138, -342
-434, -125, -308
-549, -47, -40
-521, -14, -54
-392, -94, 71
-304, -178, 262
-426, -222, 327
-398, -260, 204
-327, -362, -13
-507, -598, -23
-539, -732, 211
-539, -732, 211
-568, -870, 395
-712, -1032, 430
-755, -1216, 855
-768, -1390, 1057
-696, -1531, 1110
-472, -1512, 1245
-278, -1550, 1189
-191, -1531, 1180
-157, -1503, 1098
-145, -1356, 867
-146, -1298, 781
-41, -1249, 759
-41, -1249, 759
135, -1167, 629
145, -1121, 713
70, -1109, 747
60, -1107, 812
145, -1092, 778
323, -1101, 714
611, -1053, 724
704, -1022, 747
557, -989, 836
292, -901, 941
292, -901, 941
9, -811, 969
-232, -722, 1061
-302, -559, 1027
-427, -407, 724
-707, -300, 494
-802, -184, 623
-992, -132, 740
-1196, -174, 803
-1387, -154, 680
-1508, -195, 440
-1377, -241, 583
-1257, -166, 957
-,-,-
-183, -109, 82
-223, -129, 118
-315, -90, 117
-315, -90, 117
-364, 15, 55
-329, 93, -20
-302, 100, 7
-355, -135, 130
-466, -222, -48
-602, -307, 2
-602, -307, 2
-578, -327, 235
-494, -396, 262
-668, -712, 233
-746, -899, 416
-903, -1112, 539
-808, -1304, 659
-560, -1414, 701
-529, -1523, 940
-484, -1582, 1198
-510, -1674, 1152
-387, -1648, 1216
-243, -1535, 1065
-31, -1448, 790
16, -1345, 632
-67, -1296, 655
-1, -1189, 685
59, -1092, 658
59, -1092, 658
82, -1004, 580
53, -950, 405
-53, -1018, 289
-39, -1084, 477
219, -1081, 695
307, -1138, 828
218, -1221, 969
249, -1205, 821
347, -1119, 813
441, -1014, 863
441, -1014, 863
303, -865, 832
5, -756, 775
-253, -589, 905
-452, -379, 939
-660, -245, 895
-871, -124, 600
-1131, -91, 728
-1479, -78, 777
-1623, -111, 881
-1480, -83, 762
-1311, -81, 541
-1311, -81, 541
-1133, -134, 594
-1027, -249, 645
-,-,-
-269, -251, 98
-269, -251, 98
-322, -186, 184
-206, -80, 210
-313, -89, 81
-558, -81, -105
-676, -66, -145
-569, 81, -91
-482, 118, 117
-313, 29, 257
-313, 29, 257
-336, -127, 103
-474, -232, -167
-543, -363, -105
-657, -507, -105
-721, -717, 33
-899, -930, 362
-898, -1157, 772
-752, -1308, 925
-569, -1403, 954
-480, -1429, 1068
-358, -1478, 1212
-312, -1547, 1340
-196, -1515, 1279
-139, -1431, 1113
-191, -1342, 911
-255, -1258, 761
-161, -1209, 637
42, -1130, 628
67, -1063, 639
-102, -1100, 590
-183, -1164, 665
-23, -1148, 799
84, -1134, 863
84, -1134, 908
128, -1165, 908
223, -1208, 1007
310, -1186, 1048
298, -1134, 1035
285, -1001, 1030
318, -780, 988
168, -595, 746
-109, -502, 690
-410, -409, 687
-674, -270, 711
-857, -71, 627
-890, -98, 693
-,-,-
-1198, -221, 909
-1218, -367, 544
-1015, -293, 579
-992, -373, 657
-1048, -471, 880
-,-,-
-483, -341, 49
-558, -346, 43
-708, -43, 121
-630, 125, 206
-457, 208, 122
-533, 72, 30
-533, 72, 30
-753, -32, 115
-638, 12, 119
-453, 30, 264
-532, -36, 124
-468, -351, 212
-537, -571, 32
-537, -571, 32
-628, -705, 44
-590, -902, 444
-569, -1221, 813
-565, -1511, 1077
-406, -1691, 1288
-260, -1790, 1409
-202, -1861, 1454
-172, -1796, 1369
-92, -1696, 1320
-33, -1563, 1219
-30, -1421, 1077
-96, -1342, 1005
-98, -1261, 806
-162, -1178, 634
-25, -1083, 598
29, -1030, 590
77, -1051, 677
149, -1094, 768
366, -1074, 827
487, -1040, 827
483, -998, 950
483, -998, 950
364, -930, 950
129, -840, 909
-124, -697, 742
-193, -503, 706
-253, -319, 742
-498, -211, 702
-979, -150, 694
-1378, -138, 911
-1369, -105, 934
-1157, -14, 961
-1115, -15, 744
-1225, -104, 693
-1314, -201, 663
-1202, -284, 711
-954, -284, 793
-954, -331, 793
-740, -370, 623
-,-,-
-458, -366, 292
-486, -348, 178
-601, -157, 84
-697, -32, 108
-705, 79, 112
-797, 71, 82
-797, 71, 82
-1013, -37, -63
-956, -13, -30
-849, -59, -101
-649, -141, -7
-518, -286, 182
-338, -455, 283
-301, -609, 429
-301, -609, 429
-348, -872, 473
-400, -1038, 613
-296, -1222, 683
-62, -1397, 849
-64, -1614, 887
-306, -1819, 955
-399, -1916, 1156
-229, -1883, 1267
-34, -1791, 1227
-7, -1658, 1130
-156, -1562, 931
-117, -1418, 818
-95, -1305, 761
-111, -1201, 709
-70, -1116, 591
54, -1052, 557
183, -1021, 494
291, -1023, 629
370, -1062, 869
415, -1068, 940
457, -1044, 909
457, -1044, 909
511, -951, 838
434, -871, 848
247, -757, 975
24, -622, 1111
-244, -413, 916
-570, -272, 703
-829, -176, 639
-1205, -93, 901
-1379, -39, 810
-1506, -68, 752
-1506, -68, 551
-1444, -22, 551
-1338, -44, 585
-1201, -111, 595
-1212, -168, 533
-1241, -289, 519
-1118, -381, 553
-941, -425, 594
-849, -511, 552
-797, -614, 633
-696, -672, 755
-630, -713, 820
-642, -772, 854
-,-,-
-363, -272, 271
-420, -295, 182
-537, -254, -69
-611, -195, -100
-549, -40, -91
-547, -3, -18
-530, 71, 20
-558, 194, 195
-634, 217, 228
-634, 217, 228
-592, 216, 119
-724, 95, 6
-923, -74, -86
-932, -281, 130
-652, -523, 259
-471, -753, 218
-601, -1027, 451
-544, -1303, 882
-544, -1303, 882
-578, -1600, 1233
-53, -1743, 1390
77, -1798, 1128
77, -1798, 1128
174, -1863, 966
158, -1894, 1225
103, -1828, 1287
96, -1703, 1125
45, -1549, 809
57, -1400, 595
143, -1266, 637
283, -1172, 772
395, -1113, 789
331, -1121, 722
305, -1121, 761
412, -1054, 779
553, -925, 909
553, -925, 909
332, -869, 985
145, -804, 897
159, -622, 889
152, -371, 924
-276, -309, 977
-780, -233, 913
-1007, -138, 745
-1221, -104, 751
-1380, -147, 864
-1560, -233, 1042
-1528, -219, 754
-1393, -245, 719
-1174, -276, 594
-1046, -328, 647
-940, -376, 560
-940, -376, 560
-895, -464, 552
-797, -514, 529
-714, -522, 604
-,-,-
-438, -276, 95
-507, -374, 39
-636, -300, 47
-679, -155, 63
-679, -155, 63
-810, -70, -154
-751, -20, -216
-725, -10, -144
-675, -2, 20
-548, -23, 182
-414, -68, 206
-526, -228, 58
-612, -281, 22
-612, -281, 22
-704, -350, 183
-892, -565, 344
-925, -824, 628
-661, -983, 893
-473, -1105, 779
-372, -1247, 586
-297, -1489, 541
18, -1708, 1151
387, -1825, 1559
409, -1875, 1373
109, -1888, 1289
-172, -1808, 1174
-360, -1726, 1153
-370, -1615, 1138
-274, -1463, 903
-135, -1293, 733
-31, -1182, 599
-10, -1164, 643
105, -1122, 756
356, -1051, 872
458, -1031, 961
459, -963, 1028
377, -884, 977
377, -884, 977
135, -834, 916
64, -710, 819
150, -460, 754
-53, -255, 752
-583, -124, 673
-1095, 3, 409
-1095, 3, 409
-1377, 65, 204
-1394, 53, 480
-1416, -44, 859
-1606, -161, 983
-1677, -192, 830
-1522, -183, 541
-1318, -264, 475
-1165, -404, 590
-952, -490, 632
-846, -578, 679
-808, -611, 572
-771, -700, 574
-,-,-
-381, -395, 222
-381, -395, 222
-697, -424, -230
-619, -405, -78
-541, -383, 15
-700, -351, -55
-909, -366, -9
-940, -313, -34
-689, -168, 49
-533, -106, 244
-746, -152, 55
-956, -173, 80
-956, -173, 80
-772, -125, 146
-431, -114, 114
-288, -251, 255
-495, -476, 244
-816, -721, 72
-900, -911, 228
-676, -1059, 498
-444, -1204, 887
-331, -1342, 1352
-311, -1490, 1460
-240, -1627, 1445
-96, -1685, 1309
116, -1659, 1167
50, -1645, 1055
-81, -1659, 1077
-149, -1615, 1057
-53, -1478, 900
118, -1351, 728
276, -1259, 675
362, -1194, 808
397, -1127, 957
337, -1076, 958
337, -1076, 958
276, -1025, 849
223, -975, 748
233, -870, 798
100, -755, 851
-185, -682, 887
-446, -622, 871
-512, -457, 715
-489, -229, 600
-601, -115, 593
-931, -7, 618
-931, -7, 618
-1329, -61, 751
-1517, -151, 896
-1348, -144, 959
-1107, -97, 875
-1148, -131, 754
-1304, -247, 653
-1292, -315, 582
-1113, -359, 601
-915, -375, 543
-802, -470, 452
-764, -586, 480
-804, -692, 521
-747, -733, 662
-658, -785, 731
-,-,-
-189, -327, 439
-189, -327, 439
-320, -356, 358
-533, -450, 60
-419, -397, -140
-361, -248, -83
-515, -254, -18
-686, -289, 105
-748, -267, 114
-638, -220, 49
-593, -171, -44
-718, -148, 17
-867, -176, 192
-867, -176, 192
-893, -204, 283
-656, -221, 347
-285, -239, 295
-255, -414, 423
-536, -620, 427
-604, -811, 466
-639, -969, 538
-713, -1199, 693
-602, -1433, 850
-442, -1601, 1119
-317, -1721, 1304
-166, -1785, 1239
19, -1713, 1009
64, -1646, 878
-36, -1581, 969
-191, -1503, 1062
-286, -1380, 972
-238, -1219, 732
-180, -1104, 514
-44, -1010, 380
5, -984, 469
5, -984, 469
26, -979, 597
137, -967, 806
314, -923, 767
372, -945, 745
292, -1028, 832
248, -1048, 1032
299, -911, 1122
299, -911, 1122
122, -741, 947
-218, -631, 799
-513, -563, 814
-744, -359, 724
-863, -125, 661
-1087, -20, 586
-1223, -1, 630
-1350, 4, 754
-1480, -17, 899
-1523, -15, 727
-1523, -15, 727
-1351, 10, 611
-1163, -27, 536
-1107, -102, 536
-1077, -190, 563
-1019, -283, 495
-,-,-
-38, -223, 102
-207, -287, -126
-433, -276, -283
-300, -225, 106
-237, -228, 106
-336, -238, 56
-609, -245, -254
-753, -220, -329
-625, -194, -152
-572, -136, 0
-722, -147, 207
-882, -174, 224
-935, -231, 216
-929, -247, 183
-823, -183, 211
-823, -183, 211
-821, -201, 362
-878, -373, 457
-765, -615, 521
-567, -754, 323
-433, -883, 296
-432, -1086, 504
-399, -1357, 734
-330, -1591, 927
-131, -1657, 1234
-129, -1698, 1360
-172, -1711, 1316
-253, -1708, 1254
-390, -1673, 1123
-318, -1564, 955
-101, -1447, 810
124, -1338, 741
304, -1253, 670
360, -1192, 665
386, -1171, 675
449, -1155, 790
534, -1095, 957
457, -1047, 950
248, -1019, 899
119, -933, 839
119, -933, 839
0, -821, 854
-112, -664, 844
-267, -496, 829
-453, -314, 836
-599, -137, 907
-951, -53, 837
-1255, -42, 735
-1400, -34, 751
-1409, -1, 613
-1409, -1, 613
-1391, -26, 524
-1387, -88, 631
-1373, -165, 642
-1263, -221, 550
-1087, -296, 560
-935, -363, 525
-,-,-
-340, -273, 218
-592, -261, 15
-592, -261, 15
-570, -126, 75
-603, -80, -48
-592, 47, -291
-625, 94, -259
-708, 72, -50
-727, 16, 124
-586, 26, 208
-586, 26, 208
-547, 32, 118
-544, -6, 40
-675, -168, 97
-681, -347, 112
-715, -473, 127
-715, -473, 127
-825, -647, 323
-951, -997, 507
-771, -1318, 780
-467, -1478, 1076
-293, -1547, 1157
-307, -1564, 1094
-357, -1654, 1140
-385, -1746, 1244
-234, -1664, 1279
-92, -1572, 1175
-104, -1517, 892
-51, -1504, 734
-14, -1404, 822
95, -1269, 902
164, -1155, 812
130, -1122, 683
173, -1111, 697
276, -1081, 841
375, -1013, 933
446, -904, 929
416, -774, 847
69, -723, 858
69, -723, 858
-208, -627, 848
-407, -460, 745
-701, -347, 701
-823, -188, 770
-1008, -120, 808
-1343, -125, 845
-1510, -102, 661
-1465, -74, 554
-1334, -58, 497
-1294, -136, 594
-1235, -195, 620
-1165, -247, 511
-1149, -318, 499
-1131, -413, 526
-1074, -486, 580
-,-,-
-240, -233, 53
-414, -339, -103
-624, -331, -175
-584, -284, 83
-603, -211, 73
-593, -108, 52
-715, -95, 5
-790, -92, 56
-790, -92, 56
-757, -68, 214
-571, -24, 160
-518, -41, 106
-560, -136, 79
-559, -255, 33
-427, -377, 106
-428, -508, 166
-428, -508, 166
-639, -719, 189
-805, -1028, 456
-584, -1274, 817
-262, -1451, 1188
-104, -1547, 1304
-199, -1629, 1376
-378, -1820, 1469
-359, -1945, 1623
-66, -1832, 1525
63, -1673, 1302
-106, -1617, 970
-94, -1507, 771
37, -1353, 759
273, -1175, 829
426, -1047, 744
471, -1018, 699
502, -946, 784
489, -824, 950
367, -704, 1008
65, -632, 923
65, -632, 923
-223, -584, 766
-427, -502, 652
-683, -471, 684
-761, -378, 955
-874, -278, 970
-1069, -194, 822
-1221, -166, 702
-1246, -120, 690
-1249, -120, 731
-1214, -96, 707
-1270, -127, 549
-1284, -179, 483
-1215, -227, 537
-1034, -246, 558
-864, -326, 609
-835, -416, 629
-833, -586, 782
-750, -587, 597
-,-,-
-373, -220, 243
-320, -335, 24
-567, -200, 136
-617, -93, 126
-533, 33, 71
-533, 33, 71
-457, 103, -44
-458, 104, 12
-531, 104, 95
-561, 92, 83
-487, 97, 57
-487, 97, 57
-466, -17, 48
-495, -207, 100
-734, -456, -5
-836, -660, 60
-735, -962, 255
-735, -962, 255
-598, -1221, 707
-463, -1403, 887
-482, -1557, 957
-514, -1726, 1021
-476, -1850, 1132
-190, -1863, 1307
47, -1788, 1364
-56, -1769, 1158
-180, -1726, 1101
-226, -1602, 888
-169, -1446, 746
51, -1286, 633
240, -1169, 487
373, -1078, 443
384, -1021, 486
280, -990, 579
116, -1000, 628
97, -955, 715
123, -864, 866
113, -718, 999
113, -718, 999
-244, -713, 1002
-499, -602, 953
-512, -431, 856
-678, -271, 845
-988, -136, 777
-1267, -67, 782
-1320, -53, 727
-1245, -59, 776
-1181, -61, 637
-1228, -90, 463
-1262, -158, 378
-1181, -229, 472
-1026, -301, 627
-899, -367, 656
-828, -460, 606
-828, -460, 606
-819, -581, 517
-741, -656, 543
-648, -713, 711
-623, -788, 854
-,-,-
-486, -316, 234
-440, -284, 195
-627, -92, 202
-812, -108, 92
-812, -108, 92
-908, -71, -103
-736, -34, -135
-442, 75, -134
-338, 148, -19
-503, 88, 75
-724, -20, 211
-676, -66, 276
-676, -66, 276
-518, -75, 237
-506, -150, 365
-771, -427, 492
-1139, -738, 525
-1025, -840, 502
-647, -923, 750
-388, -1162, 915
-292, -1367, 1166
-339, -1621, 1319
-243, -1779, 1393
90, -1743, 1348
271, -1704, 1250
55, -1726, 1207
-115, -1693, 1199
-182, -1620, 1164
-137, -1527, 1073
147, -1359, 914
333, -1229, 656
374, -1172, 543
336, -1145, 624
275, -1157, 905
306, -1107, 1030
313, -1019, 939
255, -882, 934
255, -882, 934
154, -711, 927
2, -515, 957
-243, -357, 981
-517, -178, 886
-666, 12, 698
-893, 120, 720
-893, 120, 720
-1176, 125, 820
-1451, 108, 840
-1605, 112, 748
-1591, 77, 618
-1402, 47, 598
-1226, -4, 520
-1185, -134, 555
-1088, -260, 548
-968, -364, 564
-861, -435, 589
-787, -510, 680
-790, -588, 788
-790, -588, 788
-859, -627, 820
-,-,-
-389, -145, 94
-455, -164, 51
-645, -71, -294
-654, -7, -170
-571, 15, 73
-594, 60, 1
-594, 60, 1
-681, 98, -31
-726, 71, 111
-644, 83, 84
-567, 82, 111
-567, 82, 111
-606, 17, 273
-657, -151, 370
-583, -301, 271
-572, -363, 180
-702, -524, 252
-696, -810, 546
-491, -1159, 876
-342, -1408, 964
-355, -1653, 1026
-349, -1772, 1103
-364, -1806, 1328
-294, -1779, 1511
-236, -1717, 1560
-278, -1662, 1406
-201, -1540, 1232
-157, -1424, 947
-76, -1266, 735
-17, -1171, 671
11, -1092, 709
79, -1014, 650
200, -965, 673
200, -965, 673
326, -942, 692
306, -956, 809
176, -998, 955
166, -981, 1034
247, -895, 983
195, -737, 866
71, -554, 765
71, -554, 765
-246, -452, 845
-553, -299, 873
-699, -146, 826
-895, -32, 617
-1225, 12, 601
-1554, -91, 664
-1627, -130, 704
-1468, -113, 744
-1205, -65, 596
-1200, -101, 458
-1257, -207, 505
-1202, -314, 628
-994, -349, 695
-816, -349, 616
-816, -378, 616
-727, -439, 643
-812, -551, 624
-754, -625, 692
-675, -669, 836
-600, -743, 897
-,-,-
-328, -36, 202
-328, -36, 202
-507, -78, -89
-534, -118, -175
-489, 5, -164
-560, 121, -226
-745, 132, -165
-812, 171, -60
-925, 130, 119
-926, 88, 276
-926, 88, 276
-749, 76, 293
-620, -20, 460
-617, -187, 464
-722, -382, 464
-705, -642, 511
-574, -946, 688
-491, -1191, 861
-511, -1329, 845
-529, -1510, 944
-611, -1713, 1133
-505, -1840, 1408
-220, -1805, 1502
-77, -1776, 1364
-41, -1798, 1142
19, -1777, 1043
132, -1692, 1011
338, -1514, 1024
420, -1333, 907
420, -1333, 907
397, -1245, 711
249, -1203, 476
220, -1148, 602
320, -1056, 778
308, -976, 949
183, -892, 898
83, -759, 826
-252, -710, 901
-463, -559, 880
-546, -339, 1021
-808, -179, 1031
-1000, 23, 863
-1000, 23, 863
-1128, 147, 524
-1189, 200, 694
-1263, 237, 810
-1385, 213, 803
-1493, 78, 684
-1410, -27, 484
-1229, -148, 443
-991, -266, 529
-858, -444, 533
-805, -552, 597
-739, -594, 651
